net1 (1,0,0) (1,0,1) (1,0,2) (1,0,3) (1,0,4) (1,0,5) (1,0,6) (1,0,7) (1,0,8) (1,0,9) (1,0,10) (1,0,11) (1,0,12) (1,0,13) (1,0,14) (2,0,14) (2,1,14) (2,2,14) (2,3,14) (2,4,14) (2,5,14) (2,6,14) (2,7,14) (2,8,14) (2,9,14) (2,10,14) (2,11,14) (2,12,14) (2,13,14) (2,14,14) (1,14,14) 
net2 (2,0,14) (2,0,13) (2,1,13) (2,2,13) (2,3,13) (2,4,13) (2,5,13) (2,6,13) (2,7,13) (2,8,13) (2,9,13) (2,10,13) (2,11,13) (2,12,13) (2,13,13) (2,14,13) (1,14,13) (1,14,12) (1,14,11) (1,14,10) (1,14,9) (1,14,8) (1,14,7) (1,14,6) (1,14,5) (1,14,4) (1,14,3) (1,14,2) (1,14,1) (1,14,0) (2,14,0) 
net5 (1,3,3) (1,3,4) (1,3,5) (1,3,6) (1,3,7) (1,3,8) (1,3,9) (1,3,10) (1,3,11) (2,3,11) (2,4,11) (2,5,11) (2,6,11) (2,7,11) (2,8,11) (2,9,11) (2,10,11) (2,11,11) (1,11,11) 
net6 (2,3,11) (2,3,10) (2,4,10) (2,5,10) (2,6,10) (2,7,10) (2,8,10) (2,9,10) (2,10,10) (2,11,10) (2,11,9) (2,11,8) (2,11,7) (2,11,6) (2,11,5) (2,11,4) (2,11,3) 
net3 (1,0,7) (2,0,7) (2,1,7) (2,2,7) (2,3,7) (2,4,7) (2,5,7) (2,6,7) (2,7,7) (2,8,7) (2,9,7) (2,10,7) (1,10,7) (1,11,7) (1,12,7) (1,13,7) (1,14,7) 
net4 (2,7,0) (2,8,0) (2,9,0) (1,9,0) (1,9,1) (1,9,2) (1,9,3) (1,9,4) (1,9,5) (1,9,6) (1,9,7) (1,9,8) (1,9,9) (1,9,10) (1,9,11) (1,9,12) (1,9,13) (1,9,14) (1,9,15) (2,9,15) (2,8,15) (2,7,15) (2,7,14) 
net7 (1,14,1) (1,15,1) (1,15,2) (1,15,3) (1,15,4) (1,15,5) (1,15,6) (1,15,7) (1,15,8) (1,15,9) (1,15,10) (1,15,11) (1,15,12) (1,15,13) (1,14,13) 
net8 (2,1,14) (2,1,15) (2,2,15) (2,3,15) (2,4,15) (2,5,15) (2,6,15) (2,6,16) (2,7,16) (2,8,16) (2,9,16) (2,10,16) (2,11,16) (2,12,16) (2,13,16) (2,13,15) (2,13,14) 
net9 (1,5,5) (1,5,6) (1,5,7) (1,5,8) (1,5,9) (1,5,10) (1,5,11) (1,5,12) (1,5,13) (1,5,14) (1,5,15) (1,5,16) (1,6,16) (1,7,16) (1,8,16) (1,9,16) (1,10,16) (1,10,15) (1,10,14) (1,10,13) (1,10,12) (1,10,11) (1,10,10) 
net10 (2,10,5) (2,9,5) (2,8,5) (2,7,5) (2,6,5) (2,5,5) (2,4,5) (1,4,5) (1,4,6) (1,4,7) (1,4,8) (1,4,9) (2,4,9) (2,5,9) (2,5,10) 
